1 2
1 3
4 5
6 7
8 9
10 11
12 13
14 15
16 16
17 18
19 20
21 22
21 23
21 24
21 25
3 26
27 28
29 30
31 32
33 34
35 36
37 38
39 40
41 42
43 41
44 45
46 47
48 49
50 51
52 53
54 55
56 57
56 58
59 60
59 61
62 63
62 64
65 66
67 68
69 70
69 71
72 73
74 75
76 77
78 79
80 81
82 83
84 85
86 87
88 89
90 91
92 93
94 95
96 97
98 99
100 101
102 103
104 105
106 107
108 109
110 111
112 110
113 114
115 116
117 118
119 120
121 122
123 124
125 123
126 127
128 129
130 131
132 133
134 135
136 137
138 139
140 141
142 143
144 145
146 147
148 149
150 151
152 153
154 155
156 27
157 156
158 159
160 161
162 163
164 33
165 166
167 165
168 169
170 171
172 173
174 175
174 176
177 178
179 180
181 182
183 184
185 186
187 181
188 189
190 191
192 190
193 194
195 37
196 197
196 196
198 199
200 201
200 202
200 38
203 201
204 205
206 207
208 46
209 210
211 209
212 213
214 215
214 214
216 215
216 214
217 218
219 220
221 219
222 223
224 222
225 226
227 228
229 230
231 229
232 233
234 235
236 237
238 239
240 241
242 243
243 244
245 246
247 248
249 250
251 252
253 254
255 256
257 255
258 259
260 261
262 263
264 265
266 267
268 269
270 271
272 273
274 272
275 276
277 278
279 280
281 282
283 284
283 72
285 283
286 287
288 289
288 290
291 292
293 294
81 295
81 81
296 297
298 299
300 301
302 303
304 305
306 307
308 309
310 311
312 313
312 313
314 315
316 317
318 319
318 25
320 319
321 322
323 324
325 326
327 328
328 329
330 327
331 330
332 333
334 335
336 337
338 339
340 341
342 343
344 343
345 342
346 347
290 348
290 349
350 351
351 352
353 354
355 126
356 357
358 359
360 90
361 362
361 362
363 364
365 363
366 367
368 369
370 371
372 373
374 375
376 92
375 377
378 379
380 381
382 383
384 382
385 386
385 387
388 389
390 385
391 392
393 394
395 396
397 398
399 400
401 94
99 96
402 403
404 405
406 407
408 409
410 411
412 413
414 415
416 417
418 416
419 420
421 422
423 424
425 426
427 428
429 430
430 431
109 432
116 117
433 434
435 436
435 437
438 439
440 441
442 443
444 445
444 25
444 25
444 22
446 445
446 25
446 25
446 22
447 445
447 25
447 25
447 22
448 449
450 451
452 453
454 455
456 457
458 459
389 390
460 461
462 463
464 368
465 466
467 17
468 268
469 470
36 471
223 221
223 25
472 473
178 174
474 475
476 477
478 479
480 481
482 234
118 113
483 484
485 486
487 142
488 489
369 490
491 492
493 393
494 495
496 497
498 499
498 496
500 501
502 503
504 249
66 505
66 506
507 508
509 279
510 80
511 296
512 316
513 514
513 514
407 515
516 517
518 519
176 520
176 521
176 522
176 44
176 45
176 454
176 455
176 523
176 524
176 42
176 525
176 526
176 527
176 528
176 529
176 530
176 531
176 532
176 533
176 533
176 534
176 535
176 536
176 39
176 40
176 537
176 538
176 499
176 539
176 540
176 541
176 542
176 200
176 201
176 543
176 199
176 544
176 545
176 546
176 547
548 144
93 549
550 551
461 513
145 552
501 216
85 323
553 554
555 556
557 558
559 560
559 561
562 563
252 564
252 565
566 567
568 569
570 571
572 573
139 574
575 576
577 578
579 247
580 581
280 582
89 583
495 584
585 586
517 587
588 589
590 591
403 592
593 594
595 596
597 598
599 467
600 601
602 603
604 605
606 607
273 608
609 21
527 528
610 611
612 613
614 615
616 502
617 618
619 618
415 102
38 620
38 487
621 516
622 623
613 624
625 240
254 626
68 627
628 629
40 537
367 365
409 630
631 488
239 632
256 253
256 256
633 634
635 636
637 638
639 82
640 641
642 589
643 644
645 643
646 647
648 649
650 651
169 652
34 653
34 653
654 655
173 656
657 658
659 660
175 661
662 663
664 665
666 664
667 195
523 524
45 454
668 669
670 671
672 606
673 674
675 676
51 677
55 50
237 616
678 679
680 57
681 59
682 683
684 506
505 506
685 684
508 686
687 688
689 690
691 692
691 693
694 695
282 509
282 696
697 76
563 698
699 700
701 702
703 704
294 705
301 706
707 708
709 707
605 710
711 312
712 713
7 553
322 6
714 6
715 716
717 718
335 332
719 720
721 722
723 374
724 723
724 725
724 387
726 727
728 729
730 731
732 403
733 100
734 735
481 119
736 737
738 739
740 741
742 743
744 745
746 286
532 533
747 697
261 748
105 418
497 14
749 711
750 751
137 752
137 25
141 753
141 753
589 754
589 755
756 472
757 758
759 760
761 759
163 761
762 763
764 765
766 764
767 766
768 769
545 546
545 34
455 523
770 771
122 772
773 774
775 776
777 778
777 779
230 227
235 780
781 236
615 782
615 782
615 782
57 614
783 625
783 784
58 784
785 786
2 785
787 1
788 789
683 491
683 685
790 65
791 792
793 262
794 795
796 797
798 270
799 580
73 69
800 275
801 747
802 801
802 562
803 804
702 805
806 703
303 807
808 809
810 811
812 458
319 572
9 318
813 814
815 478
816 84
817 717
817 818
569 819
337 568
820 290
820 817
820 821
127 353
371 822
823 824
383 726
825 826
827 828
829 728
830 829
830 617
630 732
103 831
735 423
424 832
833 834
835 427
836 837
838 839
840 841
840 842
843 844
845 846
847 848
705 849
676 121
850 612
851 781
207 852
772 672
853 521
854 187
215 855
856 857
858 859
860 858
751 861
751 176
862 550
863 730
864 460
865 321
866 125
753 867
868 507
869 130
453 48
151 870
213 777
656 871
872 873
826 401
874 150
875 876
877 878
473 879
880 577
881 882
881 683
881 504
111 883
848 881
809 884
885 719
524 42
696 847
352 886
347 344
887 642
651 757
888 791
627 793
627 889
627 888
558 635
741 890
852 891
852 770
892 485
893 691
894 895
718 896
897 898
411 899
900 559
901 633
530 531
902 682
902 683
259 788
903 904
608 74
608 290
405 905
405 617
470 887
906 469
907 908
907 909
910 146
911 912
149 911
124 913
914 646
915 756
159 650
28 154
916 158
161 917
918 919
918 919
920 164
920 655
171 853
180 177
576 921
922 575
186 923
189 854
924 925
665 880
194 926
546 927
201 543
541 542
529 530
529 155
671 208
671 203
928 850
607 452
929 930
931 875
20 775
932 217
778 456
933 934
935 224
936 937
938 231
939 940
939 941
941 940
941 941
942 238
943 856
571 680
786 242
786 242
61 787
789 944
789 944
789 257
789 255
789 256
789 253
789 254
789 626
789 251
789 252
789 564
789 945
789 946
789 504
789 249
789 250
789 947
789 948
789 579
789 247
789 248
789 62
789 63
789 949
789 681
789 59
789 60
789 637
789 638
789 245
789 246
789 950
789 58
789 784
789 61
789 787
789 1
789 2
789 785
789 786
789 242
789 243
789 244
789 951
789 783
789 625
789 240
789 241
789 570
789 571
789 680
789 56
789 952
506 902
953 954
686 590
955 868
693 799
70 893
276 956
882 957
958 959
77 960
287 961
611 291
292 804
962 963
704 962
964 806
486 965
966 78
295 967
305 808
309 968
708 308
459 639
811 812
969 970
970 971
972 969
973 974
975 334
339 340
976 977
556 345
720 346
348 349
978 350
978 979
861 980
451 721
484 981
364 361
982 983
984 985
986 982
987 986
824 988
514 372
373 823
989 462
990 384
386 465
991 992
993 724
992 993
392 991
994 380
396 862
995 395
873 397
97 996
997 406
618 863
101 410
998 733
64 414
64 999
1000 414
1000 999
1001 900
129 425
1002 128
428 106
428 428
1003 1004
1005 1003
1006 1007
445 1008
445 1009
445 25
1010 444
1011 740
601 1012
895 816
913 1013
1014 874
1015 1016
1017 1018
30 160
661 1019
925 1020
620 1021
535 536
535 1022
536 39
533 534
526 527
49 673
774 929
233 231
679 851
626 251
581 1023
1023 798
959 800
1024 300
333 331
1025 1026
980 355
592 827
905 602
1027 1028
1027 841
1029 836
839 1030
1031 1032
1033 840
1033 25
663 922
226 1034
267 1035
1036 360
83 1037
623 148
1038 172
947 948
748 790
1039 4
278 696
971 1040
1041 972
315 712
1042 320
1043 320
1044 1045
1046 366
1047 585
988 1047
477 1048
477 387
400 1049
1050 825
996 1050
828 378
1051 404
598 830
413 619
413 413
413 618
1052 835
1052 25
24 447
326 1053
531 532
677 1054
1055 666
1016 1014
1056 1057
822 987
899 408
1058 817
71 1059
710 709
1060 86
1061 939
1062 1063
1054 1064
53 1064
1065 285
1066 225
1066 225
1067 104
652 167
269 1068
1057 232
1012 1069
1070 749
133 1042
551 493
1071 1072
795 1073
795 1073
1040 1074
271 468
758 157
1075 1076
1077 482
1077 1078
244 951
946 504
957 958
554 132
1079 132
1080 1081
1082 975
565 975
1083 978
398 1084
1085 419
832 421
432 1029
432 176
1086 736
782 1087
539 540
961 699
896 1088
752 134
1013 622
934 935
492 1089
284 562
79 964
311 810
241 570
926 192
960 1090
313 310
634 593
818 376
377 376
143 907
983 984
131 1000
1091 869
184 762
184 555
638 245
60 637
520 324
1092 894
594 1082
846 976
999 115
1093 442
1094 1095
1045 338
246 950
883 108
937 933
434 1091
653 1096
653 158
1064 19
1089 258
420 1097
466 474
91 358
1098 1099
1100 1027
867 136
574 140
641 1101
1102 1103
644 1104
15 645
552 628
147 548
1105 910
912 1105
870 1106
647 1015
153 914
649 152
1107 915
1018 1107
155 1017
155 448
155 25
155 1108
919 31
760 918
1109 600
1110 1109
655 920
1111 654
871 170
1112 1038
489 657
658 1113
471 662
471 471
1114 35
1114 1115
1114 176
763 1114
26 183
182 185
1020 188
1021 193
1116 767
197 1116
197 496
769 196
927 768
544 545
542 200
540 541
499 539
538 498
534 535
525 526
525 43
42 525
669 204
47 1117
624 670
624 1118
930 903
1119 774
1119 675
1095 54
855 1094
218 500
218 1056
218 1056
220 212
1034 936
780 938
1120 1077
1121 943
784 61
784 1061
950 58
949 681
948 579
945 946
564 945
944 257
954 260
792 953
263 1122
591 860
1122 888
1122 888
1122 1123
265 67
1124 1125
859 1124
1125 264
688 955
1073 71
1035 794
797 266
692 693
5 72
75 1039
956 274
582 694
700 1065
1126 746
804 288
804 803
804 290
805 610
805 802
963 701
849 892
1127 510
884 302
884 1079
884 1043
573 512
567 1128
1037 566
1129 1041
317 314
716 865
821 715
1130 821
814 1130
1131 815
1088 1080
974 1060
1132 973
898 1132
977 1133
1099 845
583 1098
1026 88
349 885
357 483
979 1134
584 356
490 1046
1135 370
1136 388
1137 1136
1138 1137
1139 1138
1140 1139
1141 1140
1142 1141
1143 1142
1143 391
1144 1143
1145 1144
1146 1145
1147 1146
1148 1147
1149 1148
725 1149
381 1142
381 391
1049 1150
95 476
603 1151
515 1051
1152 997
1153 1152
1154 1153
1155 1154
729 1155
387 1071
1156 1071
1097 1067
834 621
834 561
561 621
561 561
1157 1001
1158 1052
431 1159
1004 1100
837 1160
1161 1162
596 433
120 838
439 1163
18 438
1108 176
1108 1033
25 176
25 1033
1164 25
1165 1164
1165 1011
1166 1165
1103 1166
1167 1166
841 609
1168 609
23 841
842 23
1169 1168
1169 25
1170 1168
1170 25
1171 1172
1171 446
1171 1173
1174 1172
1174 446
1174 1173
1008 1171
1008 1172
1008 1174
1009 1171
1009 1172
1009 1174
1175 1010
890 1175
890 25
1176 742
844 1176
449 843
359 494
886 820
1101 1177
1096 168
857 942
1151 402
965 966
299 511
32 29
22 1167
1178 675
1178 588
1178 176
1178 714
463 864
503 1120
1084 995
1069 162
1179 989
521 1111
1180 750
1181 98
457 932
1115 30
1063 435
578 924
1182 557
1106 866
771 668
547 138
1019 659
1019 25
248 62
1053 1092
831 412
1183 211
379 1184
1185 1055
1159 1186
1134 450
522 44
210 928
904 1178
632 1061
250 947
690 796
1128 604
1187 1070
713 1129
713 8
1028 429
479 813
289 1126
289 1188
289 289
1160 1005
1160 1189
765 667
1117 206
114 1161
706 298
660 631
674 1183
876 773
1087 1121
1090 281
968 306
307 304
1074 1187
329 897
329 833
560 833
354 1083
362 1036
636 1135
394 994
107 1002
1163 480
1190 744
199 544
528 529
528 199
819 1191
426 877
1030 1062
297 1127
87 1058
586 1182
586 1182
437 595
1186 1158
1104 906
879 648
917 916
166 1110
1076 1112
1113 1075
921 179
543 198
537 538
940 678
940 678
940 679
940 237
940 616
940 502
940 503
940 1120
940 1077
940 482
940 234
940 235
940 780
940 938
940 231
940 229
940 230
940 227
940 228
940 1192
940 1193
940 1194
940 1066
940 225
940 226
940 1034
940 936
940 937
940 933
940 934
940 935
940 224
940 222
940 223
940 221
940 219
940 220
940 212
940 213
940 777
940 778
940 456
940 457
940 932
940 217
940 218
940 216
940 215
940 855
940 1094
940 1095
940 54
940 55
940 50
940 51
940 52
940 1119
940 774
940 929
940 930
940 903
940 904
940 1178
940 675
940 676
940 121
940 122
940 772
940 672
940 606
940 607
940 452
940 453
940 49
940 673
940 674
940 1183
940 211
940 209
940 210
940 928
940 850
63 949
1068 689
695 277
324 1131
1191 901
341 336
1133 1044
981 1180
722 981
475 990
1150 872
1072 998
422 1085
587 734
878 1157
1162 112
1172 1169
1172 1170
1173 1169
1173 1170
191 1185
191 1185
1081 325
985 464
731 597
1059 687
698 802
967 293
549 1179
1048 399
343 1025
1184 1181
807 1024
807 1156
519 1195
1196 1197
776 931
1198 1199
1200 1201
1202 1203
1204 738
1205 1206
1207 1208
1209 1210
1211 1196
1212 1213
1213 1204
1214 1215
1215 1216
1216 1217
1218 1214
1219 1220
1221 1222
1223 441
1224 1223
1225 10
1226 1227
1228 1229
1230 1231
1232 1233
13 1234
1235 1236
1237 1235
1201 1237
1238 443
1239 1240
1241 1242
1243 1244
1245 1221
1246 1247
1248 1249
1250 1232
1251 1252
1253 1239
1249 1239
1254 520
1254 521
1254 522
1254 44
1254 45
1254 454
1254 455
1254 523
1254 524
1254 42
1254 525
1254 526
1254 527
1254 528
1254 529
1254 530
1254 531
1254 532
1254 533
1254 533
1254 534
1254 535
1254 536
1254 39
1254 40
1254 537
1254 538
1254 499
1254 539
1254 540
1254 541
1254 542
1254 200
1254 201
1254 543
1254 199
1254 544
1254 545
1254 546
1254 547
1255 1256
1257 1226
1258 1200
1258 1259
1240 1260
1206 1261
1262 1263
1264 1265
1266 518
1267 1268
1032 1235
1269 1202
1270 737
1271 737
1233 1272
1247 1250
1273 745
1274 1275
1276 1277
1278 1279
1280 1265
1281 1282
1261 1283
1284 640
1284 1102
1285 1286
1287 1260
1288 1289
1290 1273
1290 1273
1291 1211
1286 1292
1265 1293
1294 1245
1295 1296
1260 1241
1236 1251
1297 11
1275 1266
1298 1199
1299 1290
1300 1270
1301 1302
1222 1303
1296 1304
1305 1306
1307 1308
1279 1292
1279 1285
1217 1309
1217 1254
1229 1310
1311 1220
1277 1312
443 1313
1314 1243
1309 1301
1289 1315
1316 1307
1256 736
1268 1317
1318 1319
1272 1259
1320 1321
737 1291
1303 1322
1317 1228
1252 1323
1252 1234
11 1306
11 1219
1324 1325
1195 1314
1326 1327
1328 1329
1308 1208
1308 1284
1210 1308
1330 1219
1312 1330
1227 1225
1313 1281
1313 1281
1304 1331
1244 1324
1292 1332
1302 1333
1310 1257
1334 16
1327 1335
1336 1269
1197 1316
1259 1337
1338 1339
1315 1262
1340 1262
1203 1198
1203 1341
1341 1198
1342 1202
1329 1342
1283 744
1208 1206
1343 1300
1344 1294
1231 1267
1337 1230
1331 1246
1323 1345
1339 1346
1345 12
1347 1348
1347 1320
1325 1347
1349 1258
1282 1258
1263 1274